# For bags March 2023 and later
cam0:
  T_cn_cnm1:
  - [0.9999635644786965, 0.0009511858469169014, -0.008483216402448123, 0.08866988486058516]
  - [-0.0009652002060382759, 0.9999981761268154, -0.0016480690492618115, 0.006144360620963444]
  - [0.008481633310182866, 0.0016561970032263791, 0.999962658756748, 0.0017417687972664858]
  - [0.0, 0.0, 0.0, 1.0]
  cam_overlaps: [0, 1]
  camera_model: pinhole
  distortion_coeffs: [-0.39321784, 0.14486327, 0.00016721, 0.00080554]
  distortion_model: radtan
  intrinsics: [958.28146805, 958.40073949, 654.67106475, 317.87723316]
  resolution: [1280, 800]
  rostopic: /ovc/rgb/image_color
