# For bags April 10 2023 and later
cam0:
  T_cn_cnm1:
  - [0.9999635644786965, 0.0009511858469169014, -0.008483216402448123, 0.08866988486058516]
  - [-0.0009652002060382759, 0.9999981761268154, -0.0016480690492618115, 0.006144360620963444]
  - [0.008481633310182866, 0.0016561970032263791, 0.999962658756748, 0.0017417687972664858]
  - [0.0, 0.0, 0.0, 1.0]
  cam_overlaps: [0, 1]
  camera_model: pinhole
  distortion_coeffs: [-0.4016964684237056, 0.14838298250651594, 0.0005555170655668654, 0.000007075168918439364]
  distortion_model: radtan
  intrinsics: [979.484523282704, 979.406640717951, 667.7392808146, 316.5795478571781]
  resolution: [1280, 800]
  rostopic: /ovc/rgb/image_color
